KAMIK,GREG,PEUR,PREV,
5,5,5,5,
6,5,5,5,
6,5,5,5,
6,5,5,5,
6,5,5,6,
6,6,5,6,
7,6,5,6,
7,6,5,6,
7,7,5,6,
7,7,5,6,
7,7,5,7,
8,8,4,7,
8,8,4,6,
8,8,4,6,
9,8,4,6,
9,9,5,6,
9,10,6,7,
9,10,7,8,
9,10,7,8,
9,10,7,8,
9,10,7,8,
9,10,6,8,
9,10,6,8,
10,10,6,9,
10,10,6,9,
10,10,6,9,
10,11,6,9,
10,12,6,9,
11,11,7,9,
10,7,7,8,
10,5,7,8,
11,6,7,8,
10,5,7,8,
10,5,7,8,
9,4,6,7,
9,5,6,8,
10,5,6,8,
9,5,6,8,
9,5,6,8,
9,5,6,9,
9,5,6,9,
8,5,7,9,
8,6,7,10,
9,5,7,10,
9,5,7,10,
9,5,7,11,
10,6,8,11,
11,5,8,11,
11,6,9,11,
12,6,9,11,
12,5,10,11,
12,4,10,11,
12,4,10,11,
12,4,10,10,
10,5,10,10,
11,6,11,10,
11,6,11,10,
11,6,11,10,
11,6,11,10,
11,6,11,10,
11,6,11,11,
11,6,11,11,
11,6,11,11,
10,7,11,11,
10,5,12,11,
11,4,12,11,
11,4,12,11,
11,4,13,12,
11,4,13,12,
11,5,13,12,
12,4,13,12,
12,5,13,12,
11,5,13,13,
11,4,14,13,
11,5,15,13,
11,5,15,13,
10,5,15,13,
10,5,15,13,
10,5,15,11,
10,5,15,11,
10,4,15,10,
10,4,15,11,
9,5,13,11,
9,5,13,12,
8,5,13,13,
9,5,13,14,
9,5,14,14,
9,5,14,14,
10,6,14,14,
10,6,13,14,
10,6,12,14,
10,7,12,14,
10,6,12,14,
11,7,13,15,
11,7,14,15,
11,6,14,16,
12,6,14,16,
13,7,14,16,
14,6,14,16,
13,6,15,16,
13,6,15,16,
13,6,16,17,
12,6,17,17,
11,7,16,17,
12,8,16,18,
10,8,16,18,
11,7,15,17,
10,7,15,18,
11,7,15,17,
11,6,15,17,
11,6,15,18,
10,6,16,18,
10,5,16,18,
10,5,16,18,
11,5,16,19,
11,5,17,19,
11,5,17,18,
10,5,17,18,
10,5,17,17,
10,6,16,15,
10,5,15,16,
10,6,15,16,
11,5,14,17,
11,5,14,17,
11,5,15,17,
11,5,15,18,
11,5,16,19,
11,5,16,19,
12,6,16,19,
12,6,16,19,
13,4,16,19,
13,4,16,20,
12,4,16,21,
13,4,17,21,
13,5,18,20,
13,5,18,20,
14,5,19,21,
14,5,19,21,
14,5,18,21,
13,6,18,21,
13,7,18,21,
13,8,19,22,
13,9,19,22,
14,9,19,21,
14,9,19,21,
14,10,19,22,
15,11,19,22,
14,11,19,21,
14,11,20,20,
14,12,21,21,
15,12,21,21,
14,13,21,21,
14,13,21,21,
14,13,21,20,
13,14,21,19,
13,14,21,19,
13,15,22,19,
12,15,22,19,
12,14,22,19,
12,15,23,19,
12,15,23,19,
11,16,23,19,
11,17,23,19,
11,17,23,19,
10,17,22,19,
10,18,22,20,
10,19,23,20,
11,20,23,21,
12,20,22,22,
12,20,23,22,
12,20,23,22,
13,20,22,22,
13,20,20,22,
13,20,20,22,
14,20,21,22,
15,20,21,22,
15,21,21,23,
15,21,21,23,
15,20,22,23,
14,20,21,22,
13,20,21,23,
13,20,21,23,
11,20,21,23,
10,21,22,22,
11,19,22,22,
11,18,22,23,
11,14,22,22,
11,14,22,22,
10,14,22,22,
10,14,23,22,
10,15,24,22,
11,15,23,20,
11,15,24,21,
12,16,24,21,
10,15,24,20,
10,15,24,21,
10,14,24,21,
10,12,24,22,
8,12,24,22,
9,13,24,22,
10,14,23,21,
9,14,23,21,
9,14,23,22,
9,14,23,22,
9,14,23,22,
9,14,23,22,
9,13,24,23,
10,13,25,23,
10,12,25,23,
11,13,26,22,
11,14,26,22,
11,13,26,22,
11,13,27,22,
12,13,26,23,
12,13,26,23,
12,14,26,23,
11,14,26,23,
10,14,26,23,
10,15,26,24,
10,14,26,25,
10,14,26,25,
10,15,27,25,
10,15,27,25,
9,15,27,24,
8,15,27,24,
7,15,28,23,
7,15,28,23,
7,15,29,22,
7,16,29,21,
7,16,28,21,
7,15,28,21,
7,14,27,21,
7,15,27,21,
7,15,28,22,
8,14,28,22,
8,14,27,22,
8,14,27,23,
8,11,28,22,
9,11,28,21,
9,12,29,21,
9,13,29,22,
9,14,30,21,
8,13,30,21,
8,14,30,21,
8,14,29,21,
8,13,27,21,
8,13,28,21,
8,13,28,22,
8,14,28,22,
9,14,28,22,
9,14,28,22,
9,14,28,23,
10,14,29,23,
10,14,29,23,
9,14,28,23,
9,15,28,24,
9,15,28,24,
9,15,28,23,
9,16,28,23,
9,16,28,22,
9,15,28,22,
9,15,29,22,
10,15,29,21,
10,16,29,21,
10,17,31,21,
11,17,32,22,
11,17,32,22,
10,17,33,21,
10,17,33,21,
11,16,33,21,
12,17,33,21,
12,18,33,20,
11,17,32,20,
12,17,33,20,
12,17,34,20,
11,18,34,20,
11,16,32,20,
10,16,32,21,
11,16,32,21,
11,17,32,22,
11,17,32,22,
11,17,33,22,
10,18,34,23,
10,19,34,23,
10,18,35,20,
10,17,34,21,
9,16,34,21,
9,16,34,21,
9,17,35,21,
9,17,34,21,
10,16,34,21,
10,16,34,20,
10,15,34,21,
10,15,34,22,
10,15,34,22,
11,15,34,23,
11,15,34,23,
10,15,33,23,
9,15,34,23,
10,15,34,23,
10,16,34,23,
10,15,34,21,
11,15,33,21,
12,15,34,21,
12,16,33,21,
12,17,33,22,
12,16,33,23,
11,15,33,23,
12,16,33,22,
12,16,33,22,
12,15,33,22,
13,14,33,22,
13,13,33,20,
13,14,33,21,
14,14,33,21,
14,14,33,21,
14,15,32,20,
15,14,31,20,
13,13,32,21,
14,13,33,21,
14,12,31,21,
14,12,30,20,
15,13,30,19,
14,13,31,20,
14,12,31,22,
14,12,30,22,
14,12,29,22,
14,12,29,23,
14,12,29,23,
13,12,29,23,
13,11,29,23,
13,12,29,23,
13,11,30,23,
12,12,30,24,
11,12,30,24,
12,10,32,25,
12,9,33,24,
12,8,33,24,
11,8,33,23,
12,9,34,23,
12,9,33,23,
12,9,34,23,
12,9,34,23,
13,9,34,24,
13,10,34,24,
13,10,32,25,
13,10,32,25,
13,10,33,25,
13,10,33,26,
11,10,32,26,
11,10,32,26,
10,10,33,26,
10,10,33,26,
10,10,33,26,
11,10,33,25,
11,10,33,25,
11,9,32,25,
10,10,31,26,
10,10,31,27,
9,10,31,27,
8,10,30,29,
8,10,29,30,
8,10,29,30,
7,10,29,30,
7,10,29,30,
8,9,29,29,
8,9,29,29,
9,9,29,29,
9,9,29,28,
9,9,29,28,
8,8,29,28,
7,8,29,28,
7,9,30,30,
8,8,30,30,
7,8,30,30,
8,7,30,30,
8,7,31,30,
7,8,31,30,
7,7,31,30,
6,7,31,30,
6,7,31,30,
6,7,30,30,
7,7,29,30,
7,8,29,30,
8,8,29,30,
7,8,29,31,
7,8,30,31,
7,8,29,30,
7,8,29,31,
8,8,30,30,
7,9,31,30,
7,9,31,30,
7,10,30,30,
7,10,31,30,
7,10,31,30,
8,10,31,30,
8,10,32,29,
9,11,32,28,
9,11,32,29,
9,12,32,29,
10,12,32,28,
10,11,32,30,
9,10,31,30,
8,10,31,29,
8,11,31,29,
8,10,30,29,
8,10,30,29,
8,10,31,29,
7,10,33,29,
7,10,33,30,
8,10,33,31,
7,10,34,31,
7,10,34,31,
6,10,33,31,
7,10,32,31,
6,10,32,31,
5,10,32,31,
5,10,34,31,
5,10,34,31,
5,10,34,32,
5,10,34,32,
4,10,34,30,
4,10,33,30,
4,11,34,31,
4,11,34,31,
4,11,34,31,
4,11,34,31,
4,12,35,30,
5,11,33,30,
5,11,32,30,
6,11,31,31,
6,11,31,31,
6,11,31,31,
7,11,29,31,
7,11,29,30,
7,11,29,31,
7,11,30,30,
6,11,30,31,
4,11,31,31,
4,11,32,31,
4,11,32,30,
4,11,32,29,
5,11,32,29,
5,11,32,29,
6,11,32,29,
6,12,32,30,
6,13,33,31,
7,13,33,31,
7,13,32,32,
7,14,33,32,
7,15,33,30,
7,14,33,29,
7,14,32,29,
7,14,32,29,
7,14,32,29,
7,15,32,29,
7,13,31,28,
7,13,31,28,
7,13,31,27,
7,13,31,27,
7,13,31,27,
6,13,32,27,
5,13,33,26,
6,14,33,24,
6,15,33,24,
6,14,33,24,
6,14,33,24,
7,12,33,24,
7,12,34,24,
7,12,34,25,
8,12,34,26,
7,12,34,26,
7,12,34,26,
7,12,32,25,
7,13,33,25,
8,13,33,25,
9,11,32,25,
9,12,32,26,
10,12,32,26,
10,12,32,26,
10,12,32,26,
10,12,31,25,
8,12,31,25,
8,12,31,25,
7,12,32,25,
7,12,32,25,
7,12,32,25,
7,12,33,25,
7,12,33,23,
7,12,34,24,
7,13,35,24,
8,13,35,25,
9,13,35,25,
10,13,34,24,
10,13,34,25,
11,14,34,25,
12,15,34,26,
11,15,34,26,
12,13,33,27,
12,13,33,28,
10,13,33,28,
10,13,33,27,
10,13,33,28,
10,14,33,27,
9,13,33,27,
8,13,33,27,
9,13,33,27,
9,13,32,28,
9,13,32,28,
9,13,32,28,
10,11,32,27,
9,11,30,26,
8,11,30,26,
8,12,30,27,
9,12,30,27,
9,13,30,27,
9,13,30,26,
9,14,29,25,
8,13,29,25,
8,13,30,24,
7,13,29,25,
7,14,30,25,
8,15,31,25,
8,14,30,25,
9,15,30,26,
9,15,30,25,
9,15,30,25,
9,15,30,23,
8,15,31,24,
8,14,31,25,
5,14,31,24,
5,14,31,24,
5,14,31,24,
6,14,32,21,
6,14,33,21,
6,14,33,22,
6,15,31,22,
6,15,31,22,
7,14,31,21,
7,14,30,22,
7,14,30,21,
7,14,30,21,
8,13,30,22,
7,13,30,22,
8,13,31,22,
8,14,31,22,
9,15,31,21,
10,14,30,22,
9,14,30,23,
9,14,31,23,
10,14,31,23,
11,15,32,24,
11,15,31,24,
11,16,32,25,
10,16,33,24,
11,16,33,24,
12,16,31,24,
12,16,29,26,
12,14,28,26,
12,15,28,25,
11,15,27,25,
11,13,28,24,
11,12,27,24,
11,12,27,24,
11,12,28,24,
10,11,27,25,
10,12,27,25,
9,12,27,25,
6,13,27,25,
6,12,26,25,
6,11,27,24,
6,12,27,23,
5,11,27,20,
5,12,27,19,
5,11,27,19,
6,11,27,19,
6,12,28,20,
6,12,28,20,
6,11,28,19,
6,12,27,19,
6,11,26,18,
6,12,26,19,
6,11,26,19,
5,11,26,19,
5,10,28,19,
6,10,28,20,
6,10,29,20,
6,10,29,20,
6,10,30,19,
6,11,30,19,
6,11,31,19,
6,10,31,19,
6,11,31,20,
6,11,30,20,
6,11,30,21,
7,11,30,22,
7,11,29,21,
6,11,28,21,
6,11,27,20,
6,11,27,20,
6,11,27,20,
6,11,27,20,
5,11,28,21,
5,10,29,21,
6,11,29,22,
6,11,27,22,
6,11,27,22,
6,12,28,22,
6,11,29,22,
6,12,29,22,
5,11,29,21,
5,10,29,22,
5,10,29,22,
4,11,30,22,
5,11,30,22,
5,11,30,22,
5,12,29,23,
5,12,29,24,
4,12,29,24,
5,12,28,24,
5,12,28,24,
5,12,28,24,
4,12,28,24,
4,12,29,22,
4,12,28,22,
4,13,27,22,
5,13,27,23,
