5,5,5,5,
5,5,6,6,
4,5,6,8,
4,5,6,9,
5,5,5,9,
6,5,5,9,
6,5,5,9,
7,5,6,9,
7,5,6,9,
7,6,6,9,
7,6,6,9,
7,6,6,9,
7,6,6,9,
7,6,6,10,
7,7,6,10,
8,6,6,11,
8,6,6,11,
9,6,6,11,
10,6,6,11,
11,5,6,11,
11,5,6,11,
11,5,6,12,
11,5,6,12,
11,5,6,12,
10,6,7,13,
10,6,7,13,
9,6,7,13,
9,6,7,14,
9,6,8,15,
10,6,8,15,
10,6,8,15,
11,6,8,15,
11,7,9,16,
9,7,9,16,
9,7,9,16,
10,7,9,16,
10,8,10,16,
10,8,10,16,
9,9,10,16,
9,9,10,16,
9,8,10,15,
9,7,10,15,
9,7,11,15,
9,7,11,16,
10,8,11,16,
10,8,11,16,
10,9,11,15,
10,9,11,16,
10,9,12,16,
10,9,12,16,
10,9,12,16,
10,10,12,16,
10,11,12,16,
11,12,13,15,
11,12,13,15,
11,12,13,14,
11,12,14,15,
11,11,14,15,
12,11,14,14,
12,11,15,14,
12,11,15,15,
12,11,15,15,
12,11,15,14,
12,11,16,14,
10,11,16,15,
10,12,16,13,
11,13,16,14,
12,13,14,16,
12,13,14,16,
12,13,14,17,
12,13,14,18,
11,13,12,18,
11,13,13,19,
11,13,13,18,
11,13,14,18,
11,14,14,17,
11,14,14,16,
12,15,14,16,
12,14,14,16,
13,15,14,15,
13,15,14,15,
13,15,14,15,
13,15,14,15,
14,14,14,16,
13,14,14,16,
13,15,14,16,
13,15,14,16,
13,16,14,16,
13,16,15,16,
13,16,15,16,
11,16,15,17,
11,16,15,17,
12,16,14,16,
12,16,14,16,
12,16,14,16,
12,15,14,16,
12,15,14,16,
12,15,14,16,
13,15,14,16,
13,16,14,16,
13,15,15,16,
14,15,15,15,
14,14,16,15,
13,14,16,15,
13,14,16,15,
13,14,17,16,
13,15,17,17,
13,15,17,17,
14,15,17,17,
14,15,17,17,
14,14,16,17,
14,15,16,17,
13,16,16,17,
13,17,16,17,
13,17,16,17,
13,16,15,17,
13,17,15,17,
13,18,15,17,
13,19,15,18,
14,19,15,18,
14,19,16,18,
14,19,16,18,
13,19,15,17,
14,19,15,17,
15,19,15,17,
14,19,15,17,
15,19,15,16,
15,19,16,16,
16,20,16,16,
17,19,17,17,
16,19,17,16,
14,18,17,16,
15,18,17,17,
14,17,18,18,
14,17,19,18,
14,16,19,18,
15,17,19,18,
15,17,19,17,
15,18,19,17,
15,18,20,17,
15,16,20,18,
15,16,20,18,
15,16,20,18,
14,16,21,18,
14,16,22,19,
14,16,22,20,
14,16,22,19,
14,16,22,19,
14,16,22,20,
15,15,23,20,
15,15,23,20,
15,14,22,20,
15,14,23,20,
15,14,22,20,
15,14,21,20,
15,14,21,20,
15,15,22,19,
16,15,22,19,
16,15,22,20,
15,15,22,19,
15,15,22,19,
15,16,24,18,
15,16,24,18,
15,16,24,18,
15,17,25,19,
15,17,25,20,
15,18,25,20,
15,19,26,20,
15,19,26,20,
14,19,25,19,
14,18,24,19,
13,18,24,20,
13,19,24,21,
13,17,25,22,
14,17,25,22,
14,17,25,20,
15,17,25,19,
13,17,25,20,
13,16,26,20,
13,17,26,20,
13,17,26,20,
13,18,26,20,
14,17,26,19,
14,18,26,19,
14,18,26,20,
14,19,27,20,
14,19,27,20,
13,19,27,20,
13,18,28,21,
13,18,28,21,
13,17,29,21,
12,18,28,20,
12,19,28,20,
12,19,28,20,
12,19,28,20,
13,20,28,20,
13,20,28,19,
13,20,29,18,
13,20,29,18,
13,20,29,19,
13,20,28,19,
14,18,27,19,
14,16,25,19,
13,15,24,19,
13,15,24,18,
14,16,24,18,
13,16,24,17,
14,16,24,18,
15,16,24,18,
15,16,24,19,
15,16,23,19,
16,17,23,20,
17,16,23,20,
